[[[ 75  78  80]
  [ 74  76  78]
  [ 85  86  84]
  ...
  [ 68  75  74]
  [ 65  69  68]
  [ 66  67  66]]

 [[ 83  84  86]
  [ 80  80  82]
  [ 88  88  83]
  ...
  [ 73  77  78]
  [ 76  78  75]
  [ 80  80  78]]

 [[ 78  78  80]
  [ 86  85  86]
  [ 90  89  90]
  ...
  [ 71  74  71]
  [ 73  74  69]
  [ 78  78  74]]

 ...

 [[133 134 139]
  [123 127 132]
  [112 121 125]
  ...
  [ 94  95  89]
  [ 97  98  91]
  [ 99 103  99]]

 [[ 91  95  99]
  [ 91  98 103]
  [ 75  86  90]
  ...
  [104 102  96]
  [110 113 104]
  [ 96 104  98]]

 [[ 85  84  87]
  [ 95 101 107]
  [ 63  76  81]
  ...
  [103 103  95]
  [ 99 102  90]
  [ 90  97  89]]]